Third: Report for Linear Support Vector 
Accuracy is:0.8279835719127557
Time is:0:03:01.415265

The expected performance for this model is between 80 and 85 percent given the amount of training time and the amount of data per language.

Classification Report is: 
              precision    recall  f1-score   support

          ce       0.95      0.92      0.94       840
          hy       0.93      0.82      0.87       385
          hr       0.92      0.89      0.91       399
          fr       0.86      0.85      0.85       562
          nl       0.81      0.77      0.79       611
          sl       0.90      0.82      0.86       124
         war       0.88      0.63      0.74        60
          lt       0.85      0.84      0.84       484
          ca       0.71      0.76      0.73       594
          fa       0.83      0.88      0.85       959
          ja       0.85      0.90      0.88       524
          kk       0.59      0.85      0.70       872
          ur       0.85      0.80      0.83       406
          ms       0.78      0.87      0.82      1055
          tr       0.94      0.85      0.89       175
          it       0.92      0.85      0.88       356
          de       0.93      0.88      0.91       408
          gl       0.89      0.86      0.87       327
          vo       0.78      0.90      0.84       772
          ru       0.72      0.67      0.70       418
          no       0.99      0.97      0.98       442
          uk       0.94      0.90      0.92       432
          uz       0.55      0.49      0.52       360
          la       0.91      0.90      0.91       545
          id       0.96      0.92      0.94       446
          eu       0.65      0.67      0.66       319
          pl       0.79      0.88      0.83       981
          sv       0.93      0.84      0.88       351
          th       0.99      0.93      0.96       223
          sr       0.95      0.87      0.91       215
          el       0.97      0.96      0.97       243
         ceb       0.78      0.72      0.75       254
          hi       0.97      1.00      0.98       658
          et       0.92      0.89      0.91       346
          cs       0.62      0.54      0.57       248
          be       0.86      0.84      0.85       495
          ar       0.72      0.57      0.63       263
          ko       0.64      0.65      0.65       465
       lorem       0.84      0.86      0.85       425
          vi       0.79      0.68      0.73       601
          fi       0.85      0.84      0.84       619
          pt       0.79      0.83      0.81       751
          ro       0.62      0.61      0.61       533
          da       0.84      0.67      0.74       222
          he       0.74      0.66      0.70       300
          hu       0.92      0.84      0.88       434
          sk       0.79      0.74      0.76       538
          sh       0.94      0.89      0.91       324
          nn       0.82      0.82      0.82       519
          az       0.90      0.87      0.88       656
          en       0.98      0.89      0.93       179
          bg       0.90      0.84      0.87       170
          eo       0.93      0.90      0.91       664
          es       0.89      0.65      0.75        84
          ka       0.79      0.75      0.77       102
          zh       0.87      0.88      0.87       341

   micro avg       0.83      0.83      0.83     25079
   macro avg       0.84      0.81      0.82     25079
weighted avg       0.83      0.83      0.83     25079


